{
    "dataset_size": 1200000,
    "eval_loss": 0.886,
    "eval_f1_5": 0.614,
    "eval_f1_3": 0.746,
    "eval_qwk_5": 0.853,
    "eval_qwk_3": 0.834,
    "eval_accuracy_5": 0.617,
    "eval_accuracy_3": 0.792,
    "eval_spearman_argmax" :   0.8284555719316171,
    "eval_spearman_expected" :   0.853634619569816,
}
